20171129
00H:  206  207  208  210  211  212  212  212  212  212  212  213  214  215  216  218  218  219  220  221  222  222  222  223  224  225  226  226  227  227  228  228  230  230  231  233  233  233  234  235  235  236  236  237  239  240  241  242  242  243  244  245  246  246  247  248  249  250  250  251
01H:  251  252  253  254  255  255  257  257  258  259  260  261  263  264  265  266  267  267  268  268  269  270  271  271  272  273  274  274  275  276  277  278  278  279  280  281  283  284  285  286  287  288  289  290  291  292  294  295  296  297  298  299  300  301  302  303  303  304  306  307
02H:  309  310  310  311  311  312  313  314  314  315  315  317  318  319  320  321  322  324  325  326  327  328  329  330  331  332  333  334  335  335  336  337  338  339  341  341  342  342  342  343  344  345  345  346  347  348  349  351  352  353  354  355  356  356  357  358  359  360  361  361
03H:  362  363  363  364  365  366  367  367  368  369  369  369  369  370  371  372  372  372  372  373  373  374  375  375  376  377  378  379  380  381  382  383  384  384  384  384  385  386  386  386  386  386  386  387  388  389  389  390  390  390  391  391  391  392  393  393  394  394  395  396
04H:  396  396  396  396  397  397  397  397  397  398  399  399  399  399  400  401  401  402  402  402  403  403  403  403  403  403  403  403  403  403  402  402  402  402  403  403  402  402  402  402  402  402  402  403  403  403  402  402  402  402  403  403  402  402  402  401  400  399  400  400
05H:  399  399  398  398  399  398  399  399  398  397  397  396  397  397  397  396  396  396  396  396  396  395  394  394  393  393  392  391  391  391  391  391  390  390  389  388  388  388  388  387  387  387  386  386  385  385  384  383  383  382  382  381  380  379  379  378  378  378  378  377
06H:  377  376  376  375  375  374  374  372  371  370  369  367  366  365  366  366  366  365  364  363  362  363  362  362  361  361  361  360  360  359  358  356  355  354  354  353  352  351  350  350  349  348  347  345  344  344  343  342  342  342  341  341  340  340  339  337  336  334  333  332
07H:  331  331  330  329  327  327  326  326  324  323  322  321  320  320  320  319  318  316  315  313  313  312  311  310  309  309  308  307  307  305  304  303  303  302  301  300  298  298  297  296  296  295  293  293  293  292  291  290  289  288  287  286  285  284  283  283  282  281  279  278
08H:  276  276  275  273  272  271  271  270  270  270  269  267  267  266  266  265  263  261  260  260  259  259  257  256  256  255  254  253  252  251  249  248  248  247  247  246  244  243  242  241  240  239  237  236  236  236  235  234  234  232  231  230  229  228  228  227  226  225  224  223
09H:  223  222  222  221  220  220  220  220  220  219  218  216  215  215  214  214  213  212  212  211  211  209  208  207  206  207  206  206  205  204  204  204  204  204  203  203  202  201  201  200  199  198  198  197  197  196  195  194  194  193  193  192  191  190  189  190  190  190  190  189
10H:  189  189  189  189  189  188  188  188  188  189  189  188  187  186  185  184  184  184  184  184  184  184  184  185  185  184  184  184  184  185  185  185  186  186  185  185  184  184  183  183  182  182  182  183  183  184  184  185  185  185  185  184  184  183  183  183  184  184  184  185
11H:  185  185  185  185  185  185  185  186  186  187  187  187  187  187  187  187  187  188  189  190  190  190  190  189  190  191  192  193  194  194  194  194  195  195  196  197  197  197  197  198  198  199  200  201  201  202  203  203  203  203  203  203  203  204  205  206  207  207  207  207
12H:  207  208  208  209  209  211  213  215  216  217  217  218  219  220  221  222  223  223  224  224  225  225  224  224  225  225  226  227  228  230  232  233  234  236  237  237  238  239  241  242  242  241  241  242  243  244  246  246  247  248  248  250  251  252  254  255  257  258  260  260
13H:  260  260  261  262  263  263  264  264  265  266  268  269  270  271  272  274  276  277  277  278  279  280  281  282  282  283  284  285  287  288  289  289  290  291  293  295  296  297  298  299  301  303  304  305  305  306  307  309  311  312  313  315  316  317  318  319  320  321  322  323
14H:  324  324  325  326  328  330  330  331  332  334  335  336  336  337  338  341  343  344  344  345  346  347  349  350  351 9998 9998 9998 9998 9998 9998 9998 9998 9998 9998 9998 9998 9998 9998 9998 9998 9998 9998 9998 9998 9998 9998 9998 9998 9998 9998 9998 9998 9998 9998 9998 9998 9998 9998 9998
15H: 9998 9998 9998 9998 9998 9998 9998 9998 9998 9998 9998 9998 9998 9998 9998 9998 9998 9998 9998 9998 9998 9998 9998 9998 9998 9998 9998 9998 9998 9998 9998 9998 9998 9998 9998 9998 9998 9998 9998 9998 9998 9998 9998 9998 9998 9998 9998 9998 9998 9998 9998 9998 9998 9998 9998 9998 9998 9998 9998 9998
16H: 9998 9998 9998 9998 9998 9998 9998 9998 9998 9998 9998 9998 9998 9998 9998 9998 9998 9998 9998 9998 9998 9998 9998 9998 9998 9998 9998 9998 9998 9998 9998 9998 9998 9998 9998 9998 9998 9998 9998 9998 9998 9998 9998 9998 9998 9998 9998 9998 9998 9998 9998 9998 9998 9998 9998 9998 9998 9998 9998 9998
17H: 9998 9998 9998 9998 9998 9998 9998 9998 9998 9998 9998 9998 9998 9998 9998 9998 9998 9998 9998 9998 9998 9998 9998 9998 9998 9998 9998 9998 9998 9998 9998 9998 9998 9998 9998 9998 9998 9998 9998 9998 9998 9998 9998 9998 9998 9998 9998 9998 9998 9998 9998 9998 9998 9998 9998 9998 9998 9998 9998 9998
18H: 9998 9998 9998 9998 9998 9998 9998 9998 9998 9998 9998 9998 9998 9998 9998 9998 9998 9998 9998 9998 9998 9998 9998 9998 9998 9998 9998 9998 9998 9998 9998 9998 9998 9998 9998 9998 9998 9998 9998 9998 9998 9998 9998 9998 9998 9998 9998 9998 9998 9998 9998 9998 9998 9998 9998 9998 9998 9998 9998 9998
19H: 9998 9998 9998 9998 9998 9998 9998 9998 9998 9998 9998 9998 9998 9998 9998 9998 9998 9998 9998 9998 9998 9998 9998 9998 9998 9998 9998 9998 9998 9998 9998 9998 9998 9998 9998 9998 9998 9998 9998 9998 9998 9998 9998 9998 9998 9998 9998 9998 9998 9998 9998 9998 9998 9998 9998 9998 9998 9998 9998 9998
20H: 9998 9998 9998 9998 9998 9998 9998 9998 9998 9998 9998 9998 9998 9998 9998 9998 9998 9998 9998 9998 9998 9998 9998 9998 9998 9998 9998 9998 9998 9998 9998 9998 9998 9998 9998 9998 9998 9998 9998 9998 9998 9998 9998 9998 9998 9998 9998 9998 9998 9998 9998 9998 9998 9998 9998 9998 9998 9998 9998 9998
21H: 9998 9998 9998 9998 9998 9998 9998 9998 9998 9998 9998 9998 9998 9998 9998 9998 9998 9998 9998 9998 9998 9998 9998 9998 9998 9998 9998 9998 9998 9998 9998 9998 9998 9998 9998 9998 9998 9998 9998 9998 9998 9998 9998 9998 9998 9998 9998 9998 9998 9998 9998 9998 9998 9998 9998 9998 9998 9998 9998 9998
22H: 9998 9998 9998 9998 9998 9998 9998 9998 9998 9998 9998 9998 9998 9998 9998 9998 9998 9998 9998 9998 9998 9998 9998 9998 9998 9998 9998 9998 9998 9998 9998 9998 9998 9998 9998 9998 9998 9998 9998 9998 9998 9998 9998 9998 9998 9998 9998 9998 9998 9998 9998 9998 9998 9998 9998 9998 9998 9998 9998 9998
23H: 9998 9998 9998 9998 9998 9998 9998 9998 9998 9998 9998 9998 9998 9998 9998 9998 9998 9998 9998 9998 9998 9998 9998 9998 9998 9998 9998 9998 9998 9998 9998 9998 9998 9998 9998 9998 9998 9998 9998 9998 9998 9998 9998 9998 9998 9998 9998 9998 9998 9998 9998 9998 9998 9998 9998 9998 9998 9998 9998 9998
 403 0435 9999      9999       182 1041 9999      9999     
