20171129
20H: 103  4.8 105  4.9 102  5.1 101  4.3  98  4.4  60  3.2
21H:  53  3.6  51  4.6  49  5.8  51  5.6  51  5.6  48  5.3
22H:  47  5.6  48  5.4  50  4.6  51  4.2  56  4.4  52  4.9
23H:  52  3.9  58  4.7  64  4.0  34  3.5  42  4.0  36  4.7
00H:  31  5.4  24  7.6  31  7.6  32  7.9  29  9.7  28  9.9
01H:  31 10.5  29 10.1  40  9.2  42  9.4  39  9.7  41  9.8
02H:  40 10.0  43  8.8  44  8.9  38  9.8  38  9.6  39 10.0
03H:  34  9.4  27 11.0  24 12.4  26 12.1  29 11.6  32 10.5
04H:  32 12.4  35 12.1  28 11.9  32 11.3  35 10.5  36 11.0
05H:  37 11.3  36 12.1  39 11.9  38 12.6  37 11.6  38 11.5
06H:  39 11.4  38 12.1  35 12.1  38 12.9  35 11.5  34 11.1
07H:  39 13.0  41 13.2  36 12.7  34 13.2  28 14.7  28 14.0
08H:  31 14.2  29 15.5  27 14.5  31 15.6  33 15.8  29 15.7
09H:  29 15.8  27 15.1  26 14.6  29 13.4  29 13.6  34 13.3
10H:  34 13.2  30 13.6  27 14.6  25 14.4  23 15.9  23 16.1
11H:  27 14.2  22 12.1  19 11.9  16 11.7  16 11.9  15 12.2
12H:  14 10.8  12  9.7   3  8.9   2  9.2   6  9.6   7 10.0
13H:   6  9.7   5  8.6   6  9.3   6 11.1   7 12.1   9 11.1
14H:  16 12.1  16 13.2 998 99.8 998 99.8 998 99.8 998 99.8
15H: 998 99.8 998 99.8 998 99.8 998 99.8 998 99.8 998 99.8
16H: 998 99.8 998 99.8 998 99.8 998 99.8 998 99.8 998 99.8
17H: 998 99.8 998 99.8 998 99.8 998 99.8 998 99.8 998 99.8
18H: 998 99.8 998 99.8 998 99.8 998 99.8 998 99.8 998 99.8
19H: 998 99.8 998 99.8 998 99.8 998 99.8 998 99.8 998 99.8
 8.2  42 13.4  25 16.0  30 17.1  36 19.7  34 17.7  31 15.4  18 99.9 999
16.6  22 1053
19.7  34 0851
0715.0715 0746.0928 0946.1102                     